App started
F
C 116 0 176
R 0 0 240 40
C 255 255 255
R 7 17 1 1
R 7 27 1 1
R 9 15 1 13
R 11 27 1 1
R 17 17 1 9
R 19 15 1 1
R 19 23 1 1
R 19 27 1 1
R 21 15 1 1
R 21 21 1 1
R 21 27 1 1
R 23 15 1 1
R 23 19 1 1
R 23 27 1 1
R 25 17 1 9
R 33 19 1 1
R 33 23 1 1
R 41 17 1 1
R 41 23 1 5
R 43 15 1 1
R 43 21 1 1
R 43 27 1 1
R 45 15 1 1
R 45 21 1 1
R 45 27 1 1
R 47 15 1 1
R 47 21 1 1
R 47 27 1 1
R 49 17 1 3
R 49 27 1 1
R 53 17 1 3
R 53 23 1 3
R 55 15 1 1
R 55 21 1 1
R 55 27 1 1
R 57 15 1 1
R 57 21 1 1
R 57 27 1 1
R 59 15 1 1
R 59 21 1 1
R 59 27 1 1
R 61 17 1 3
R 61 23 1 3
C 128 128 128
LH 96 226 8
LH 96 234 8
LV 96 226 8
LV 104 226 8
LH 116 226 8
LH 116 234 8
LV 116 226 8
LV 124 226 8
LH 136 226 8
LH 136 234 8
LV 136 226 8
LV 144 226 8
C 0 255 0
R 97 227 6 6
C 255 217 0
LH 56 61 3
P 59 61
LH 60 61 3
P 63 61
P 54 62
P 55 62
LH 57 62 2
P 59 62
LH 60 62 5
P 65 62
P 53 63
P 54 63
LH 56 63 3
P 59 63
LH 60 63 6
P 66 63
P 52 64
P 53 64
LH 55 64 4
P 59 64
LH 60 64 7
P 52 65
P 53 65
LH 55 65 4
P 59 65
LH 60 65 7
P 51 66
P 52 66
LH 55 66 4
P 59 66
LH 60 66 7
P 68 66
P 51 67
P 52 67
LH 55 67 4
P 59 67
LH 60 67 7
P 68 67
P 51 68
P 52 68
LH 55 68 4
P 59 68
LH 60 68 7
P 68 68
P 51 69
P 52 69
LH 55 69 4
P 59 69
LH 60 69 7
P 68 69
P 51 70
P 52 70
LH 55 70 4
P 59 70
LH 60 70 7
P 68 70
P 51 71
P 52 71
LH 55 71 4
P 59 71
LH 60 71 7
P 68 71
P 51 72
P 52 72
LH 55 72 4
P 59 72
LH 60 72 7
P 68 72
P 51 73
P 52 73
LH 55 73 4
P 59 73
LH 60 73 7
P 68 73
P 51 74
P 52 74
LH 55 74 4
P 59 74
LH 60 74 7
P 68 74
P 51 75
P 52 75
LH 55 75 4
P 59 75
LH 60 75 7
P 68 75
P 51 76
P 52 76
P 53 76
LH 55 76 4
P 59 76
LH 60 76 7
P 68 76
LH 53 77 6
P 59 77
LH 60 77 6
P 66 77
LH 56 78 3
P 59 78
LH 60 78 3
P 63 78
P 50 79
P 51 79
P 52 79
P 67 79
P 68 79
P 69 79
P 50 80
P 51 80
LH 52 80 3
P 55 80
LH 64 80 3
P 67 80
P 68 80
P 69 80
LH 49 81 2
P 51 81
LH 54 81 5
P 59 81
LH 60 81 7
LH 68 81 2
P 70 81
P 48 82
P 49 82
LH 53 82 6
P 59 82
LH 60 82 7
LH 68 82 3
P 71 82
P 47 83
P 48 83
LH 52 83 7
LH 60 83 7
LH 68 83 4
P 72 83
LH 45 84 2
P 47 84
P 51 84
LH 52 84 7
LH 60 84 7
LH 68 84 6
P 74 84
LH 45 85 3
P 48 85
P 51 85
LH 52 85 7
LH 60 85 7
LH 68 85 6
P 74 85
LH 47 86 4
P 51 86
LH 52 86 7
LH 60 86 7
LH 68 86 4
P 72 86
P 50 87
P 51 87
LH 52 87 7
LH 60 87 7
P 68 87
P 69 87
LH 53 88 6
P 59 88
LH 60 88 6
P 66 88
P 59 89
P 60 89
C 255 255 255
P 56 62
P 55 63
P 54 64
P 54 65
P 53 66
P 54 66
P 53 67
P 54 67
P 53 68
P 54 68
P 53 69
P 54 69
P 53 70
P 54 70
P 53 71
P 54 71
P 53 72
P 54 72
P 53 73
P 54 73
P 53 74
P 54 74
P 53 75
P 54 75
P 54 76
P 52 81
P 53 81
P 50 82
P 51 82
P 52 82
LH 49 83 2
P 51 83
LH 48 84 2
P 50 84
P 49 85
P 50 85
C 216 216 216
P 59 60
P 60 60
P 57 89
P 58 89
P 61 89
P 62 89
P 58 90
P 59 90
P 60 90
P 61 90
P 59 91
P 60 91
C 143 143 143
P 51 77
P 52 77
P 67 77
P 68 77
P 51 78
LH 52 78 3
P 55 78
LH 64 78 3
P 67 78
P 68 78
LH 53 79 6
P 59 79
LH 60 79 6
P 66 79
LH 56 80 3
P 59 80
LH 60 80 3
P 63 80
C 255 255 255
LV 45 108 4
P 46 107
P 46 110
P 47 106
P 47 110
P 48 107
P 48 110
LV 49 108 4
P 52 106
P 52 112
LV 53 106 6
P 54 112
P 57 111
P 58 108
P 58 110
P 58 112
P 59 108
P 59 110
P 59 112
LV 60 109 3
P 61 112
LV 63 108 4
P 64 109
P 65 108
P 66 108
P 67 109
LV 69 108 4
P 70 108
LV 71 109 3
P 72 108
LV 73 109 3
C 255 217 0
P 180 60
P 187 60
P 180 61
P 186 61
P 195 61
P 180 62
P 186 62
P 194 62
P 180 63
P 185 63
P 193 63
LH 177 64 2
P 179 64
LH 180 64 2
P 182 64
P 185 64
P 192 64
LH 175 65 4
P 179 65
LH 180 65 4
P 184 65
P 191 65
LH 173 66 6
P 179 66
LH 180 66 6
P 186 66
P 190 66
LH 172 67 7
LH 180 67 7
P 189 67
P 171 68
P 172 68
P 173 68
P 179 68
LH 180 68 7
P 188 68
P 195 68
P 170 69
P 171 69
LH 180 69 7
P 188 69
P 189 69
P 193 69
P 194 69
P 170 70
LH 180 70 7
P 188 70
P 189 70
P 191 70
P 192 70
P 169 71
LH 180 71 7
LH 188 71 2
P 190 71
P 169 72
LH 180 72 7
LH 188 72 2
P 190 72
LH 180 73 7
LH 188 73 3
P 191 73
LH 180 74 7
LH 188 74 3
P 191 74
LH 180 75 7
LH 188 75 3
P 191 75
LH 180 76 7
LH 188 76 7
LH 180 77 7
LH 188 77 3
P 191 77
LH 180 78 7
LH 188 78 3
P 191 78
LH 180 79 7
LH 188 79 2
P 190 79
LH 180 80 7
LH 188 80 2
P 190 80
LH 180 81 7
P 188 81
P 189 81
P 191 81
P 192 81
LH 180 82 7
P 188 82
P 189 82
P 193 82
P 194 82
LH 180 83 7
P 188 83
P 195 83
LH 180 84 7
P 189 84
LH 180 85 6
P 186 85
P 190 85
LH 180 86 5
P 185 86
P 191 86
LH 180 87 2
P 182 87
P 185 87
P 192 87
P 180 88
P 186 88
P 193 88
P 180 89
P 186 89
P 194 89
P 180 90
P 187 90
P 195 90
P 180 91
P 187 91
C 0 102 255
P 165 83
P 164 84
P 167 85
P 166 86
P 165 87
P 169 87
P 164 88
P 168 88
P 167 89
P 171 89
P 175 89
P 179 89
P 166 90
P 170 90
P 174 90
P 178 90
P 165 91
P 169 91
P 173 91
P 177 91
C 216 216 216
LH 174 69 4
P 178 69
LH 172 70 7
P 171 71
LH 172 71 7
P 171 72
LH 172 72 7
P 170 73
P 171 73
LH 172 73 7
P 170 74
P 171 74
LH 172 74 7
P 170 75
P 171 75
LH 172 75 7
P 168 76
P 169 76
P 171 76
LH 172 76 7
LH 166 77 5
P 171 77
LH 172 77 7
LH 165 78 6
P 171 78
LH 172 78 7
LH 165 79 6
P 171 79
LH 172 79 7
LH 165 80 6
P 171 80
LH 172 80 7
LH 165 81 6
P 171 81
LH 172 81 7
P 166 82
P 167 82
LH 169 82 2
P 171 82
LH 172 82 7
LH 169 83 2
P 171 83
LH 172 83 7
LH 169 84 2
P 171 84
LH 172 84 7
LH 169 85 2
P 171 85
LH 172 85 7
P 170 86
P 171 86
LH 172 86 7
LH 172 87 3
P 175 87
P 178 87
P 179 87
C 143 143 143
LH 174 68 4
P 178 68
P 172 69
P 173 69
P 179 69
P 171 70
P 170 71
P 170 72
P 169 73
P 169 74
P 168 75
P 169 75
P 166 76
P 167 76
P 170 76
P 165 77
P 164 78
P 164 79
P 164 80
P 164 81
P 165 82
P 168 82
LH 166 83 2
P 168 83
P 168 84
P 168 85
P 169 86
P 170 87
P 171 87
P 176 87
P 177 87
LH 172 88 3
P 175 88
P 178 88
P 179 88
C 255 255 255
LV 153 106 6
P 154 106
P 154 109
P 154 112
P 155 106
P 155 109
P 155 112
P 156 106
P 156 109
P 156 112
LV 157 107 1
LV 157 110 1
P 159 111
P 160 108
P 160 110
P 160 112
P 161 108
P 161 110
P 161 112
LV 162 109 3
P 163 112
LV 165 108 4
P 166 109
P 167 108
P 168 108
P 169 109
LV 171 109 2
P 172 108
P 172 112
P 173 108
P 173 112
P 174 108
P 174 112
LV 175 109 2
LV 177 108 4
P 178 108
LV 179 109 3
P 180 108
LV 181 109 3
LV 183 109 2
P 184 108
P 184 110
P 184 112
P 185 108
P 185 110
P 185 112
P 186 108
P 186 110
P 186 112
LV 187 109 1
P 189 108
P 190 108
LV 191 106 5
P 192 108
P 192 112
P 193 108
P 193 111
LV 195 109 2
P 196 108
P 196 110
P 196 112
P 197 108
P 197 110
P 197 112
P 198 108
P 198 110
P 198 112
LV 199 109 1
LV 201 108 4
P 202 109
P 203 108
P 204 108
P 205 109
C 0 102 255
LH 56 152 3
P 59 152
LH 60 152 3
P 63 152
LH 54 153 5
P 59 153
LH 60 153 5
P 65 153
LH 52 154 7
LH 60 154 7
P 51 155
LH 52 155 7
LH 60 155 7
P 68 155
P 50 156
P 51 156
LH 52 156 7
LH 60 156 7
P 68 156
P 69 156
LH 49 157 2
P 51 157
LH 52 157 7
LH 60 157 7
LH 68 157 2
P 70 157
LH 48 158 3
P 51 158
LH 52 158 7
LH 60 158 7
LH 68 158 3
P 71 158
LH 47 159 4
P 51 159
LH 52 159 7
LH 60 159 7
LH 68 159 2
P 70 159
P 47 160
P 48 160
P 51 160
LH 52 160 7
LH 60 160 7
P 68 160
P 47 161
P 48 161
LH 53 161 6
P 59 161
LH 60 161 6
P 66 161
LH 46 162 4
P 50 162
LH 55 162 4
P 59 162
LH 60 162 4
P 64 162
LH 71 162 2
P 73 162
LH 46 163 5
P 51 163
P 52 163
LH 57 163 2
P 59 163
LH 60 163 2
P 62 163
LH 69 163 4
P 73 163
LH 46 164 5
P 51 164
LH 52 164 2
P 54 164
P 59 164
P 60 164
P 67 164
LH 68 164 5
P 73 164
LH 46 165 5
P 51 165
LH 52 165 4
P 56 165
LH 65 165 2
P 67 165
LH 68 165 5
P 73 165
LH 46 166 5
P 51 166
LH 52 166 6
P 58 166
LH 63 166 4
P 67 166
LH 68 166 5
P 73 166
LH 46 167 5
P 51 167
LH 52 167 6
P 58 167
LH 61 167 6
P 67 167
LH 68 167 5
P 73 167
LH 46 168 5
P 51 168
LH 52 168 6
P 58 168
LH 61 168 6
P 67 168
LH 68 168 5
P 73 168
LH 46 169 5
P 51 169
LH 52 169 6
P 58 169
LH 61 169 6
P 67 169
LH 68 169 5
P 73 169
LH 47 170 4
P 51 170
LH 52 170 6
P 58 170
LH 61 170 6
P 67 170
LH 68 170 4
P 72 170
LH 47 171 4
P 51 171
LH 52 171 6
P 58 171
LH 61 171 6
P 67 171
LH 68 171 4
P 72 171
LH 48 172 3
P 51 172
LH 52 172 6
P 58 172
LH 61 172 6
P 67 172
LH 68 172 3
P 71 172
LH 48 173 3
P 51 173
LH 52 173 6
P 58 173
LH 61 173 6
P 67 173
LH 68 173 3
P 71 173
LH 49 174 2
P 51 174
LH 52 174 6
P 58 174
LH 61 174 6
P 67 174
LH 68 174 2
P 70 174
P 50 175
P 51 175
LH 52 175 6
P 58 175
LH 61 175 6
P 67 175
P 68 175
P 69 175
P 51 176
LH 52 176 6
P 58 176
LH 61 176 6
P 67 176
P 68 176
LH 52 177 6
P 58 177
LH 61 177 6
P 67 177
LH 54 178 4
P 58 178
LH 61 178 4
P 65 178
LH 56 179 2
P 58 179
LH 61 179 2
P 63 179
C 255 255 255
P 73 158
LH 71 159 2
P 73 159
P 49 160
P 50 160
LH 69 160 3
P 72 160
LH 49 161 2
P 51 161
P 52 161
P 67 161
LH 68 161 2
P 70 161
P 51 162
LH 52 162 2
P 54 162
LH 65 162 2
P 67 162
P 68 162
LH 53 163 3
P 56 163
LH 63 163 3
P 66 163
LH 55 164 3
P 58 164
LH 61 164 3
P 64 164
LH 57 165 2
P 59 165
LH 60 165 2
P 62 165
P 59 166
P 60 166
C 180 180 180
LH 56 150 3
P 59 150
LH 60 150 3
P 63 150
LH 53 151 6
P 59 151
LH 60 151 6
P 66 151
P 51 152
LH 52 152 3
P 55 152
LH 64 152 3
P 67 152
P 68 152
P 50 153
P 51 153
P 52 153
P 53 153
P 66 153
P 67 153
P 68 153
P 69 153
LH 49 154 2
P 51 154
LH 68 154 2
P 70 154
LH 48 155 2
P 50 155
LH 69 155 2
P 71 155
LH 47 156 2
P 49 156
LH 70 156 2
P 72 156
LH 46 157 2
P 48 157
LH 71 157 2
P 73 157
P 46 158
P 47 158
P 72 158
P 45 159
P 46 159
P 74 159
P 45 160
P 46 160
P 73 160
P 74 160
P 45 161
P 46 161
P 73 161
P 74 161
P 44 162
P 45 162
P 74 162
P 75 162
P 44 163
P 45 163
P 74 163
P 75 163
P 44 164
P 45 164
P 74 164
P 75 164
P 44 165
P 45 165
P 74 165
P 75 165
P 44 166
P 45 166
P 74 166
P 75 166
P 44 167
P 45 167
P 74 167
P 75 167
P 44 168
P 45 168
P 74 168
P 75 168
P 44 169
P 45 169
P 74 169
P 75 169
P 45 170
P 46 170
P 73 170
P 74 170
P 45 171
P 46 171
P 73 171
P 74 171
LH 45 172 2
P 47 172
LH 72 172 2
P 74 172
P 46 173
P 47 173
P 72 173
P 73 173
LH 46 174 2
P 48 174
LH 71 174 2
P 73 174
LH 47 175 2
P 49 175
LH 70 175 2
P 72 175
LH 48 176 2
P 50 176
LH 69 176 2
P 71 176
LH 49 177 2
P 51 177
LH 68 177 2
P 70 177
P 50 178
P 51 178
P 52 178
P 53 178
P 66 178
P 67 178
P 68 178
P 69 178
P 51 179
LH 52 179 3
P 55 179
LH 64 179 3
P 67 179
P 68 179
LH 53 180 5
P 58 180
LH 61 180 5
P 66 180
LH 56 181 2
P 58 181
LH 61 181 2
P 63 181
C 0 0 0
P 71 161
P 72 161
P 69 162
P 70 162
P 67 163
P 68 163
P 65 164
P 66 164
P 63 165
P 64 165
P 61 166
P 62 166
P 59 167
P 60 167
P 59 168
P 60 168
P 59 169
P 60 169
P 59 170
P 60 170
P 59 171
P 60 171
P 59 172
P 60 172
P 59 173
P 60 173
P 59 174
P 60 174
P 59 175
P 60 175
P 59 176
P 60 176
P 59 177
P 60 177
P 59 178
P 60 178
P 59 179
P 60 179
P 59 180
P 60 180
P 59 181
P 60 181
C 255 255 255
LV 45 197 4
P 46 196
P 46 202
P 47 196
P 47 202
P 48 196
P 48 202
P 49 197
P 49 201
P 52 196
P 52 202
LV 53 196 6
P 54 202
LV 57 199 2
P 58 198
P 58 202
P 59 198
P 59 202
P 60 198
P 60 202
LV 61 199 2
LV 63 199 2
P 64 198
P 64 202
P 65 198
P 65 202
P 66 198
P 66 202
P 67 199
P 67 201
LV 69 196 6
P 70 200
P 71 199
P 71 201
P 72 198
P 72 202
C 255 0 0
LH 176 166 2
P 178 166
LH 181 166 2
P 183 166
LH 176 167 3
P 179 167
LH 180 167 3
P 183 167
LH 177 168 2
P 179 168
LH 180 168 2
P 182 168
LH 177 169 2
P 179 169
LH 180 169 2
P 182 169
LH 177 170 2
P 179 170
LH 180 170 2
P 182 170
LH 177 171 2
P 179 171
LH 180 171 2
P 182 171
LH 177 172 2
P 179 172
LH 180 172 2
P 182 172
P 178 173
P 179 173
P 180 173
P 181 173
P 178 174
P 179 174
P 180 174
P 181 174
P 178 175
P 179 175
P 180 175
P 181 175
P 178 176
P 179 176
P 180 176
P 181 176
P 179 177
P 180 177
P 179 178
P 180 178
P 179 179
P 180 179
C 0 102 255
P 179 152
P 180 152
P 179 153
P 180 153
P 179 154
P 180 154
P 178 155
P 179 155
P 180 155
P 181 155
P 178 156
P 179 156
P 180 156
P 181 156
P 178 157
P 179 157
P 180 157
P 181 157
P 178 158
P 179 158
P 180 158
P 181 158
LH 177 159 2
P 179 159
LH 180 159 2
P 182 159
LH 177 160 2
P 179 160
LH 180 160 2
P 182 160
LH 177 161 2
P 179 161
LH 180 161 2
P 182 161
LH 177 162 2
P 179 162
LH 180 162 2
P 182 162
LH 177 163 2
P 179 163
LH 180 163 2
P 182 163
LH 176 164 3
P 179 164
LH 180 164 3
P 183 164
LH 176 165 2
P 178 165
LH 181 165 2
P 183 165
C 255 255 255
P 179 165
P 180 165
P 179 166
P 180 166
C 180 180 180
LH 176 150 3
P 179 150
LH 180 150 3
P 183 150
LH 173 151 6
P 179 151
LH 180 151 6
P 186 151
P 171 152
LH 172 152 3
P 175 152
LH 184 152 3
P 187 152
P 188 152
P 170 153
P 171 153
P 172 153
P 173 153
P 186 153
P 187 153
P 188 153
P 189 153
LH 169 154 2
P 171 154
LH 188 154 2
P 190 154
LH 168 155 2
P 170 155
LH 189 155 2
P 191 155
LH 167 156 2
P 169 156
LH 190 156 2
P 192 156
LH 166 157 2
P 168 157
LH 191 157 2
P 193 157
P 166 158
P 167 158
P 192 158
P 193 158
P 165 159
P 166 159
P 193 159
P 194 159
P 165 160
P 166 160
P 193 160
P 194 160
P 165 161
P 166 161
P 193 161
P 194 161
P 164 162
P 165 162
P 194 162
P 195 162
P 164 163
P 165 163
P 194 163
P 195 163
P 164 164
P 165 164
P 194 164
P 195 164
P 164 165
P 165 165
P 194 165
P 195 165
P 164 166
P 165 166
P 194 166
P 195 166
P 164 167
P 165 167
P 194 167
P 195 167
P 164 168
P 165 168
P 194 168
P 195 168
P 164 169
P 165 169
P 194 169
P 195 169
P 165 170
P 166 170
P 193 170
P 194 170
P 165 171
P 166 171
P 193 171
P 194 171
LH 165 172 2
P 167 172
LH 192 172 2
P 194 172
P 166 173
P 167 173
P 192 173
P 193 173
LH 166 174 2
P 168 174
LH 191 174 2
P 193 174
LH 167 175 2
P 169 175
LH 190 175 2
P 192 175
LH 168 176 2
P 170 176
LH 189 176 2
P 191 176
LH 169 177 2
P 171 177
LH 188 177 2
P 190 177
P 170 178
P 171 178
P 172 178
P 173 178
P 186 178
P 187 178
P 188 178
P 189 178
P 171 179
LH 172 179 3
P 175 179
LH 184 179 3
P 187 179
P 188 179
LH 173 180 6
P 179 180
LH 180 180 6
P 186 180
LH 176 181 3
P 179 181
LH 180 181 3
P 183 181
C 107 107 107
LH 176 152 2
P 178 152
LH 181 152 2
P 183 152
LH 174 153 4
P 178 153
LH 181 153 4
P 185 153
LH 172 154 6
P 178 154
LH 181 154 6
P 187 154
P 171 155
LH 172 155 5
P 177 155
LH 182 155 5
P 187 155
P 188 155
P 170 156
P 171 156
LH 172 156 5
P 177 156
LH 182 156 5
P 187 156
P 188 156
P 189 156
LH 169 157 2
P 171 157
LH 172 157 5
P 177 157
LH 182 157 5
P 187 157
LH 188 157 2
P 190 157
LH 168 158 3
P 171 158
LH 172 158 5
P 177 158
LH 182 158 5
P 187 158
LH 188 158 3
P 191 158
LH 167 159 4
P 171 159
LH 172 159 4
P 176 159
LH 183 159 4
P 187 159
LH 188 159 4
P 192 159
LH 167 160 4
P 171 160
LH 172 160 4
P 176 160
LH 183 160 4
P 187 160
LH 188 160 4
P 192 160
LH 167 161 4
P 171 161
LH 172 161 4
P 176 161
LH 183 161 4
P 187 161
LH 188 161 4
P 192 161
LH 166 162 5
P 171 162
LH 172 162 4
P 176 162
LH 183 162 4
P 187 162
LH 188 162 5
P 193 162
LH 166 163 5
P 171 163
LH 172 163 4
P 176 163
LH 183 163 4
P 187 163
LH 188 163 5
P 193 163
LH 166 164 5
P 171 164
LH 172 164 3
P 175 164
LH 184 164 3
P 187 164
LH 188 164 5
P 193 164
LH 166 165 5
P 171 165
LH 172 165 3
P 175 165
LH 184 165 3
P 187 165
LH 188 165 5
P 193 165
LH 166 166 5
P 171 166
LH 172 166 3
P 175 166
LH 184 166 3
P 187 166
LH 188 166 5
P 193 166
LH 166 167 5
P 171 167
LH 172 167 3
P 175 167
LH 184 167 3
P 187 167
LH 188 167 5
P 193 167
LH 166 168 5
P 171 168
LH 172 168 4
P 176 168
LH 183 168 4
P 187 168
LH 188 168 5
P 193 168
LH 166 169 5
P 171 169
LH 172 169 4
P 176 169
LH 183 169 4
P 187 169
LH 188 169 5
P 193 169
LH 167 170 4
P 171 170
LH 172 170 4
P 176 170
LH 183 170 4
P 187 170
LH 188 170 4
P 192 170
LH 167 171 4
P 171 171
LH 172 171 4
P 176 171
LH 183 171 4
P 187 171
LH 188 171 4
P 192 171
LH 168 172 3
P 171 172
LH 172 172 4
P 176 172
LH 183 172 4
P 187 172
LH 188 172 3
P 191 172
LH 168 173 3
P 171 173
LH 172 173 5
P 177 173
LH 182 173 5
P 187 173
LH 188 173 3
P 191 173
LH 169 174 2
P 171 174
LH 172 174 5
P 177 174
LH 182 174 5
P 187 174
LH 188 174 2
P 190 174
P 170 175
P 171 175
LH 172 175 5
P 177 175
LH 182 175 5
P 187 175
P 188 175
P 189 175
P 171 176
LH 172 176 5
P 177 176
LH 182 176 5
P 187 176
P 188 176
LH 172 177 6
P 178 177
LH 181 177 6
P 187 177
LH 174 178 4
P 178 178
LH 181 178 4
P 185 178
LH 176 179 2
P 178 179
LH 181 179 2
P 183 179
C 255 255 255
LV 159 197 4
P 160 196
P 160 202
P 161 196
P 161 202
P 162 196
P 162 202
P 163 197
P 163 201
LV 165 199 2
P 166 198
P 166 202
P 167 198
P 167 202
P 168 198
P 168 202
LV 169 199 2
LV 171 198 4
P 172 198
LV 173 199 3
P 174 198
LV 175 199 3
LV 177 198 5
LV 178 199 1
P 179 198
P 179 201
P 180 198
P 180 201
LV 181 199 1
P 183 201
P 184 198
P 184 200
P 184 202
P 185 198
P 185 200
P 185 202
LV 186 199 3
P 187 202
P 189 199
P 189 202
P 190 198
P 190 200
P 190 202
P 191 198
P 191 200
P 191 202
P 192 198
P 192 200
P 192 202
P 193 198
P 193 201
P 195 199
P 195 202
P 196 198
P 196 200
P 196 202
P 197 198
P 197 200
P 197 202
P 198 198
P 198 200
P 198 202
P 199 198
P 199 201
C 196 196 196
LH 5 46 110
LH 5 126 110
LV 5 46 80
LV 115 46 80
LH 6 47 108
LH 6 125 108
LV 6 47 78
LV 114 47 78
LH 7 48 106
LH 7 